{
 "cells": [
  {
   "cell_type": "markdown",
   "metadata": {},
   "source": [
    "## Industry_Portfolios.xlsx contains monthly nominal (net) returns for ten industry portfolios, expressed in percent. These returns cover the ten-year period from Jan 2004 through Dec 2013.\n",
    "### Calculate the vector of mean returns and the covariance matrix of returns for the ten industry portfolios. Create a table showing the mean returns and standard deviation of returns for the ten industry portfolios. Plot the minimum-variance frontier (without the riskless asset) generated by the ten industry portfolios, with mean return on the vertical axis and standard deviation of return on the horizontal axis. This plot should cover the range from 0% to 2% (in increments of 0.1%) on the vertical axis. Briefly explain the economic significance and relevance of the minimum-variance frontier to an investor.\n",
    "### Now suppose that the risk-free rate is 0.13% per month. Plot the efficient frontier (with the riskless asset) on the same plot as the minimum-variance frontier generated by the ten industry portfolios. Briefly explain the economic significance and relevance of the efficient frontier to an investor.\n",
    "### The two frontiers will intersect at single point: the tangency portfolio. Calculate the Sharpe ratio for the tangency portfolio, and also the tangency portfolio weights for the ten industry portfolios. Briefly explain the economic significance and relevance of the tangency portfolio to an investor.\n",
    "#### Please submit your results and programming code, as (uncompressed) MS Word or Adobe PDF, to the submission folder for Homework 1 before 7 pm on Wednesday, 21 October.\n",
    "\n",
    "\n",
    "### LEE YU-CHING "
   ]
  },
  {
   "cell_type": "code",
   "execution_count": 47,
   "metadata": {},
   "outputs": [],
   "source": [
    "import pandas as pd\n",
    "import numpy as np\n",
    "import matplotlib.pyplot as plt\n",
    "from functools import reduce\n",
    "import seaborn as sns\n",
    "import quandl\n",
    "from scipy.optimize import minimize\n",
    "from pandas import Series\n",
    "from pandas import DataFrame"
   ]
  },
  {
   "cell_type": "code",
   "execution_count": 48,
   "metadata": {
    "scrolled": true
   },
   "outputs": [
    {
     "data": {
      "text/html": [
       "<div>\n",
       "<style scoped>\n",
       "    .dataframe tbody tr th:only-of-type {\n",
       "        vertical-align: middle;\n",
       "    }\n",
       "\n",
       "    .dataframe tbody tr th {\n",
       "        vertical-align: top;\n",
       "    }\n",
       "\n",
       "    .dataframe thead th {\n",
       "        text-align: right;\n",
       "    }\n",
       "</style>\n",
       "<table border=\"1\" class=\"dataframe\">\n",
       "  <thead>\n",
       "    <tr style=\"text-align: right;\">\n",
       "      <th></th>\n",
       "      <th>NoDur</th>\n",
       "      <th>Durbl</th>\n",
       "      <th>Manuf</th>\n",
       "      <th>Enrgy</th>\n",
       "      <th>HiTec</th>\n",
       "      <th>Telcm</th>\n",
       "      <th>Shops</th>\n",
       "      <th>Hlth</th>\n",
       "      <th>Utils</th>\n",
       "      <th>Other</th>\n",
       "    </tr>\n",
       "    <tr>\n",
       "      <th>Date</th>\n",
       "      <th></th>\n",
       "      <th></th>\n",
       "      <th></th>\n",
       "      <th></th>\n",
       "      <th></th>\n",
       "      <th></th>\n",
       "      <th></th>\n",
       "      <th></th>\n",
       "      <th></th>\n",
       "      <th></th>\n",
       "    </tr>\n",
       "  </thead>\n",
       "  <tbody>\n",
       "    <tr>\n",
       "      <th>200401</th>\n",
       "      <td>0.06</td>\n",
       "      <td>-1.07</td>\n",
       "      <td>-0.62</td>\n",
       "      <td>0.44</td>\n",
       "      <td>4.53</td>\n",
       "      <td>1.41</td>\n",
       "      <td>0.45</td>\n",
       "      <td>3.09</td>\n",
       "      <td>1.92</td>\n",
       "      <td>2.88</td>\n",
       "    </tr>\n",
       "    <tr>\n",
       "      <th>200402</th>\n",
       "      <td>4.25</td>\n",
       "      <td>-0.07</td>\n",
       "      <td>1.95</td>\n",
       "      <td>4.69</td>\n",
       "      <td>-2.92</td>\n",
       "      <td>-0.52</td>\n",
       "      <td>6.09</td>\n",
       "      <td>0.89</td>\n",
       "      <td>2.07</td>\n",
       "      <td>2.16</td>\n",
       "    </tr>\n",
       "    <tr>\n",
       "      <th>200403</th>\n",
       "      <td>-0.09</td>\n",
       "      <td>-1.15</td>\n",
       "      <td>-0.27</td>\n",
       "      <td>-0.13</td>\n",
       "      <td>-2.55</td>\n",
       "      <td>-2.07</td>\n",
       "      <td>0.29</td>\n",
       "      <td>-3.96</td>\n",
       "      <td>1.13</td>\n",
       "      <td>-0.63</td>\n",
       "    </tr>\n",
       "    <tr>\n",
       "      <th>200404</th>\n",
       "      <td>1.42</td>\n",
       "      <td>2.30</td>\n",
       "      <td>-0.17</td>\n",
       "      <td>2.52</td>\n",
       "      <td>-4.91</td>\n",
       "      <td>-0.48</td>\n",
       "      <td>-2.70</td>\n",
       "      <td>3.54</td>\n",
       "      <td>-3.55</td>\n",
       "      <td>-3.76</td>\n",
       "    </tr>\n",
       "    <tr>\n",
       "      <th>200405</th>\n",
       "      <td>-1.89</td>\n",
       "      <td>-1.64</td>\n",
       "      <td>1.61</td>\n",
       "      <td>0.39</td>\n",
       "      <td>4.85</td>\n",
       "      <td>-2.95</td>\n",
       "      <td>0.30</td>\n",
       "      <td>-0.42</td>\n",
       "      <td>1.28</td>\n",
       "      <td>1.86</td>\n",
       "    </tr>\n",
       "    <tr>\n",
       "      <th>...</th>\n",
       "      <td>...</td>\n",
       "      <td>...</td>\n",
       "      <td>...</td>\n",
       "      <td>...</td>\n",
       "      <td>...</td>\n",
       "      <td>...</td>\n",
       "      <td>...</td>\n",
       "      <td>...</td>\n",
       "      <td>...</td>\n",
       "      <td>...</td>\n",
       "    </tr>\n",
       "    <tr>\n",
       "      <th>201308</th>\n",
       "      <td>-4.00</td>\n",
       "      <td>-1.00</td>\n",
       "      <td>-1.95</td>\n",
       "      <td>-1.83</td>\n",
       "      <td>-0.12</td>\n",
       "      <td>-3.28</td>\n",
       "      <td>-4.21</td>\n",
       "      <td>-3.49</td>\n",
       "      <td>-4.43</td>\n",
       "      <td>-3.66</td>\n",
       "    </tr>\n",
       "    <tr>\n",
       "      <th>201309</th>\n",
       "      <td>1.94</td>\n",
       "      <td>6.46</td>\n",
       "      <td>5.20</td>\n",
       "      <td>2.03</td>\n",
       "      <td>3.77</td>\n",
       "      <td>4.33</td>\n",
       "      <td>4.46</td>\n",
       "      <td>4.19</td>\n",
       "      <td>1.05</td>\n",
       "      <td>3.83</td>\n",
       "    </tr>\n",
       "    <tr>\n",
       "      <th>201310</th>\n",
       "      <td>4.75</td>\n",
       "      <td>0.72</td>\n",
       "      <td>4.56</td>\n",
       "      <td>4.86</td>\n",
       "      <td>3.80</td>\n",
       "      <td>5.52</td>\n",
       "      <td>5.08</td>\n",
       "      <td>3.47</td>\n",
       "      <td>3.35</td>\n",
       "      <td>3.87</td>\n",
       "    </tr>\n",
       "    <tr>\n",
       "      <th>201311</th>\n",
       "      <td>1.29</td>\n",
       "      <td>1.81</td>\n",
       "      <td>2.95</td>\n",
       "      <td>0.85</td>\n",
       "      <td>3.65</td>\n",
       "      <td>0.27</td>\n",
       "      <td>3.67</td>\n",
       "      <td>4.54</td>\n",
       "      <td>-1.81</td>\n",
       "      <td>4.74</td>\n",
       "    </tr>\n",
       "    <tr>\n",
       "      <th>201312</th>\n",
       "      <td>2.65</td>\n",
       "      <td>1.18</td>\n",
       "      <td>3.13</td>\n",
       "      <td>2.95</td>\n",
       "      <td>4.04</td>\n",
       "      <td>3.96</td>\n",
       "      <td>0.20</td>\n",
       "      <td>0.71</td>\n",
       "      <td>1.79</td>\n",
       "      <td>3.11</td>\n",
       "    </tr>\n",
       "  </tbody>\n",
       "</table>\n",
       "<p>120 rows × 10 columns</p>\n",
       "</div>"
      ],
      "text/plain": [
       "        NoDur  Durbl  Manuf  Enrgy  HiTec  Telcm  Shops  Hlth  Utils  Other\n",
       "Date                                                                       \n",
       "200401   0.06  -1.07  -0.62   0.44   4.53   1.41   0.45  3.09   1.92   2.88\n",
       "200402   4.25  -0.07   1.95   4.69  -2.92  -0.52   6.09  0.89   2.07   2.16\n",
       "200403  -0.09  -1.15  -0.27  -0.13  -2.55  -2.07   0.29 -3.96   1.13  -0.63\n",
       "200404   1.42   2.30  -0.17   2.52  -4.91  -0.48  -2.70  3.54  -3.55  -3.76\n",
       "200405  -1.89  -1.64   1.61   0.39   4.85  -2.95   0.30 -0.42   1.28   1.86\n",
       "...       ...    ...    ...    ...    ...    ...    ...   ...    ...    ...\n",
       "201308  -4.00  -1.00  -1.95  -1.83  -0.12  -3.28  -4.21 -3.49  -4.43  -3.66\n",
       "201309   1.94   6.46   5.20   2.03   3.77   4.33   4.46  4.19   1.05   3.83\n",
       "201310   4.75   0.72   4.56   4.86   3.80   5.52   5.08  3.47   3.35   3.87\n",
       "201311   1.29   1.81   2.95   0.85   3.65   0.27   3.67  4.54  -1.81   4.74\n",
       "201312   2.65   1.18   3.13   2.95   4.04   3.96   0.20  0.71   1.79   3.11\n",
       "\n",
       "[120 rows x 10 columns]"
      ]
     },
     "execution_count": 48,
     "metadata": {},
     "output_type": "execute_result"
    }
   ],
   "source": [
    "df = pd.read_csv('Industry_Portfolios.csv',index_col=0,parse_dates=True)\n",
    "df"
   ]
  },
  {
   "cell_type": "markdown",
   "metadata": {},
   "source": [
    "## Calculate the vector of mean returns, standard deviation and the covariance matrix of returns for the ten industry portfolios"
   ]
  },
  {
   "cell_type": "code",
   "execution_count": 49,
   "metadata": {},
   "outputs": [],
   "source": [
    "returns=df.mean()"
   ]
  },
  {
   "cell_type": "code",
   "execution_count": 52,
   "metadata": {},
   "outputs": [],
   "source": [
    "# Calculate expected mean return\n",
    "R = returns.values"
   ]
  },
  {
   "cell_type": "code",
   "execution_count": 53,
   "metadata": {},
   "outputs": [],
   "source": [
    "R = R.reshape((10, 1))"
   ]
  },
  {
   "cell_type": "code",
   "execution_count": 54,
   "metadata": {
    "scrolled": false
   },
   "outputs": [
    {
     "data": {
      "text/plain": [
       "array([[0.90283333],\n",
       "       [0.73333333],\n",
       "       [1.01283333],\n",
       "       [1.23116667],\n",
       "       [0.76625   ],\n",
       "       [0.88141667],\n",
       "       [0.91633333],\n",
       "       [0.78383333],\n",
       "       [0.90716667],\n",
       "       [0.48908333]])"
      ]
     },
     "execution_count": 54,
     "metadata": {},
     "output_type": "execute_result"
    }
   ],
   "source": [
    "R"
   ]
  },
  {
   "cell_type": "code",
   "execution_count": 59,
   "metadata": {},
   "outputs": [
    {
     "data": {
      "text/html": [
       "<div>\n",
       "<style scoped>\n",
       "    .dataframe tbody tr th:only-of-type {\n",
       "        vertical-align: middle;\n",
       "    }\n",
       "\n",
       "    .dataframe tbody tr th {\n",
       "        vertical-align: top;\n",
       "    }\n",
       "\n",
       "    .dataframe thead th {\n",
       "        text-align: right;\n",
       "    }\n",
       "</style>\n",
       "<table border=\"1\" class=\"dataframe\">\n",
       "  <thead>\n",
       "    <tr style=\"text-align: right;\">\n",
       "      <th></th>\n",
       "      <th>Mean</th>\n",
       "    </tr>\n",
       "  </thead>\n",
       "  <tbody>\n",
       "    <tr>\n",
       "      <th>0</th>\n",
       "      <td>0.902833</td>\n",
       "    </tr>\n",
       "    <tr>\n",
       "      <th>1</th>\n",
       "      <td>0.733333</td>\n",
       "    </tr>\n",
       "    <tr>\n",
       "      <th>2</th>\n",
       "      <td>1.012833</td>\n",
       "    </tr>\n",
       "    <tr>\n",
       "      <th>3</th>\n",
       "      <td>1.231167</td>\n",
       "    </tr>\n",
       "    <tr>\n",
       "      <th>4</th>\n",
       "      <td>0.766250</td>\n",
       "    </tr>\n",
       "    <tr>\n",
       "      <th>5</th>\n",
       "      <td>0.881417</td>\n",
       "    </tr>\n",
       "    <tr>\n",
       "      <th>6</th>\n",
       "      <td>0.916333</td>\n",
       "    </tr>\n",
       "    <tr>\n",
       "      <th>7</th>\n",
       "      <td>0.783833</td>\n",
       "    </tr>\n",
       "    <tr>\n",
       "      <th>8</th>\n",
       "      <td>0.907167</td>\n",
       "    </tr>\n",
       "    <tr>\n",
       "      <th>9</th>\n",
       "      <td>0.489083</td>\n",
       "    </tr>\n",
       "  </tbody>\n",
       "</table>\n",
       "</div>"
      ],
      "text/plain": [
       "       Mean\n",
       "0  0.902833\n",
       "1  0.733333\n",
       "2  1.012833\n",
       "3  1.231167\n",
       "4  0.766250\n",
       "5  0.881417\n",
       "6  0.916333\n",
       "7  0.783833\n",
       "8  0.907167\n",
       "9  0.489083"
      ]
     },
     "execution_count": 59,
     "metadata": {},
     "output_type": "execute_result"
    }
   ],
   "source": [
    "R_table = pd.DataFrame(data = R, columns = ['Mean'])\n",
    "R_table"
   ]
  },
  {
   "cell_type": "code",
   "execution_count": 55,
   "metadata": {},
   "outputs": [],
   "source": [
    "# Calculate the Covariance matrix\n",
    "cov=df.cov()"
   ]
  },
  {
   "cell_type": "code",
   "execution_count": 56,
   "metadata": {},
   "outputs": [
    {
     "data": {
      "text/html": [
       "<div>\n",
       "<style scoped>\n",
       "    .dataframe tbody tr th:only-of-type {\n",
       "        vertical-align: middle;\n",
       "    }\n",
       "\n",
       "    .dataframe tbody tr th {\n",
       "        vertical-align: top;\n",
       "    }\n",
       "\n",
       "    .dataframe thead th {\n",
       "        text-align: right;\n",
       "    }\n",
       "</style>\n",
       "<table border=\"1\" class=\"dataframe\">\n",
       "  <thead>\n",
       "    <tr style=\"text-align: right;\">\n",
       "      <th></th>\n",
       "      <th>NoDur</th>\n",
       "      <th>Durbl</th>\n",
       "      <th>Manuf</th>\n",
       "      <th>Enrgy</th>\n",
       "      <th>HiTec</th>\n",
       "      <th>Telcm</th>\n",
       "      <th>Shops</th>\n",
       "      <th>Hlth</th>\n",
       "      <th>Utils</th>\n",
       "      <th>Other</th>\n",
       "    </tr>\n",
       "  </thead>\n",
       "  <tbody>\n",
       "    <tr>\n",
       "      <th>NoDur</th>\n",
       "      <td>11.193422</td>\n",
       "      <td>18.449666</td>\n",
       "      <td>14.104907</td>\n",
       "      <td>10.531341</td>\n",
       "      <td>12.922949</td>\n",
       "      <td>11.968078</td>\n",
       "      <td>10.170832</td>\n",
       "      <td>9.953112</td>\n",
       "      <td>7.866653</td>\n",
       "      <td>14.438409</td>\n",
       "    </tr>\n",
       "    <tr>\n",
       "      <th>Durbl</th>\n",
       "      <td>18.449666</td>\n",
       "      <td>69.920577</td>\n",
       "      <td>39.178097</td>\n",
       "      <td>27.019794</td>\n",
       "      <td>35.466652</td>\n",
       "      <td>27.490543</td>\n",
       "      <td>27.444731</td>\n",
       "      <td>16.824003</td>\n",
       "      <td>12.746136</td>\n",
       "      <td>39.361987</td>\n",
       "    </tr>\n",
       "    <tr>\n",
       "      <th>Manuf</th>\n",
       "      <td>14.104907</td>\n",
       "      <td>39.178097</td>\n",
       "      <td>28.198970</td>\n",
       "      <td>23.145380</td>\n",
       "      <td>24.618739</td>\n",
       "      <td>19.550150</td>\n",
       "      <td>17.622867</td>\n",
       "      <td>13.596447</td>\n",
       "      <td>11.440612</td>\n",
       "      <td>26.313423</td>\n",
       "    </tr>\n",
       "    <tr>\n",
       "      <th>Enrgy</th>\n",
       "      <td>10.531341</td>\n",
       "      <td>27.019794</td>\n",
       "      <td>23.145380</td>\n",
       "      <td>36.984933</td>\n",
       "      <td>19.267276</td>\n",
       "      <td>15.366817</td>\n",
       "      <td>11.297800</td>\n",
       "      <td>9.630327</td>\n",
       "      <td>14.027168</td>\n",
       "      <td>18.320469</td>\n",
       "    </tr>\n",
       "    <tr>\n",
       "      <th>HiTec</th>\n",
       "      <td>12.922949</td>\n",
       "      <td>35.466652</td>\n",
       "      <td>24.618739</td>\n",
       "      <td>19.267276</td>\n",
       "      <td>28.957220</td>\n",
       "      <td>18.708273</td>\n",
       "      <td>17.837115</td>\n",
       "      <td>13.254064</td>\n",
       "      <td>10.304187</td>\n",
       "      <td>23.855470</td>\n",
       "    </tr>\n",
       "    <tr>\n",
       "      <th>Telcm</th>\n",
       "      <td>11.968078</td>\n",
       "      <td>27.490543</td>\n",
       "      <td>19.550150</td>\n",
       "      <td>15.366817</td>\n",
       "      <td>18.708273</td>\n",
       "      <td>19.787227</td>\n",
       "      <td>14.169356</td>\n",
       "      <td>11.506599</td>\n",
       "      <td>10.991596</td>\n",
       "      <td>19.610836</td>\n",
       "    </tr>\n",
       "    <tr>\n",
       "      <th>Shops</th>\n",
       "      <td>10.170832</td>\n",
       "      <td>27.444731</td>\n",
       "      <td>17.622867</td>\n",
       "      <td>11.297800</td>\n",
       "      <td>17.837115</td>\n",
       "      <td>14.169356</td>\n",
       "      <td>16.759084</td>\n",
       "      <td>10.178849</td>\n",
       "      <td>6.694350</td>\n",
       "      <td>19.226524</td>\n",
       "    </tr>\n",
       "    <tr>\n",
       "      <th>Hlth</th>\n",
       "      <td>9.953112</td>\n",
       "      <td>16.824003</td>\n",
       "      <td>13.596447</td>\n",
       "      <td>9.630327</td>\n",
       "      <td>13.254064</td>\n",
       "      <td>11.506599</td>\n",
       "      <td>10.178849</td>\n",
       "      <td>14.342669</td>\n",
       "      <td>7.475036</td>\n",
       "      <td>14.864553</td>\n",
       "    </tr>\n",
       "    <tr>\n",
       "      <th>Utils</th>\n",
       "      <td>7.866653</td>\n",
       "      <td>12.746136</td>\n",
       "      <td>11.440612</td>\n",
       "      <td>14.027168</td>\n",
       "      <td>10.304187</td>\n",
       "      <td>10.991596</td>\n",
       "      <td>6.694350</td>\n",
       "      <td>7.475036</td>\n",
       "      <td>13.703052</td>\n",
       "      <td>9.992960</td>\n",
       "    </tr>\n",
       "    <tr>\n",
       "      <th>Other</th>\n",
       "      <td>14.438409</td>\n",
       "      <td>39.361987</td>\n",
       "      <td>26.313423</td>\n",
       "      <td>18.320469</td>\n",
       "      <td>23.855470</td>\n",
       "      <td>19.610836</td>\n",
       "      <td>19.226524</td>\n",
       "      <td>14.864553</td>\n",
       "      <td>9.992960</td>\n",
       "      <td>31.163771</td>\n",
       "    </tr>\n",
       "  </tbody>\n",
       "</table>\n",
       "</div>"
      ],
      "text/plain": [
       "           NoDur      Durbl      Manuf      Enrgy      HiTec      Telcm  \\\n",
       "NoDur  11.193422  18.449666  14.104907  10.531341  12.922949  11.968078   \n",
       "Durbl  18.449666  69.920577  39.178097  27.019794  35.466652  27.490543   \n",
       "Manuf  14.104907  39.178097  28.198970  23.145380  24.618739  19.550150   \n",
       "Enrgy  10.531341  27.019794  23.145380  36.984933  19.267276  15.366817   \n",
       "HiTec  12.922949  35.466652  24.618739  19.267276  28.957220  18.708273   \n",
       "Telcm  11.968078  27.490543  19.550150  15.366817  18.708273  19.787227   \n",
       "Shops  10.170832  27.444731  17.622867  11.297800  17.837115  14.169356   \n",
       "Hlth    9.953112  16.824003  13.596447   9.630327  13.254064  11.506599   \n",
       "Utils   7.866653  12.746136  11.440612  14.027168  10.304187  10.991596   \n",
       "Other  14.438409  39.361987  26.313423  18.320469  23.855470  19.610836   \n",
       "\n",
       "           Shops       Hlth      Utils      Other  \n",
       "NoDur  10.170832   9.953112   7.866653  14.438409  \n",
       "Durbl  27.444731  16.824003  12.746136  39.361987  \n",
       "Manuf  17.622867  13.596447  11.440612  26.313423  \n",
       "Enrgy  11.297800   9.630327  14.027168  18.320469  \n",
       "HiTec  17.837115  13.254064  10.304187  23.855470  \n",
       "Telcm  14.169356  11.506599  10.991596  19.610836  \n",
       "Shops  16.759084  10.178849   6.694350  19.226524  \n",
       "Hlth   10.178849  14.342669   7.475036  14.864553  \n",
       "Utils   6.694350   7.475036  13.703052   9.992960  \n",
       "Other  19.226524  14.864553   9.992960  31.163771  "
      ]
     },
     "execution_count": 56,
     "metadata": {},
     "output_type": "execute_result"
    }
   ],
   "source": [
    "cov"
   ]
  },
  {
   "cell_type": "code",
   "execution_count": 57,
   "metadata": {},
   "outputs": [],
   "source": [
    "cov2 = df.cov().values"
   ]
  },
  {
   "cell_type": "code",
   "execution_count": 58,
   "metadata": {},
   "outputs": [
    {
     "data": {
      "text/plain": [
       "array([[11.19342216, 18.44966611, 14.10490703, 10.5313412 , 12.92294937,\n",
       "        11.96807831, 10.17083232,  9.95311174,  7.86665347, 14.4384085 ],\n",
       "       [18.44966611, 69.92057703, 39.1780972 , 27.0197944 , 35.4666521 ,\n",
       "        27.49054314, 27.44473081, 16.82400308, 12.74613641, 39.36198711],\n",
       "       [14.10490703, 39.1780972 , 28.19897006, 23.14537986, 24.61873929,\n",
       "        19.55014973, 17.62286678, 13.59644703, 11.4406123 , 26.31342279],\n",
       "       [10.5313412 , 27.0197944 , 23.14537986, 36.98493308, 19.26727584,\n",
       "        15.36681682, 11.29780011,  9.63032658, 14.02716804, 18.32046915],\n",
       "       [12.92294937, 35.4666521 , 24.61873929, 19.26727584, 28.95722027,\n",
       "        18.70827342, 17.83711471, 13.25406408, 10.30418676, 23.85547048],\n",
       "       [11.96807831, 27.49054314, 19.55014973, 15.36681682, 18.70827342,\n",
       "        19.78722739, 14.16935566, 11.50659873, 10.99159564, 19.61083576],\n",
       "       [10.17083232, 27.44473081, 17.62286678, 11.29780011, 17.83711471,\n",
       "        14.16935566, 16.75908392, 10.17884947,  6.69435003, 19.22652434],\n",
       "       [ 9.95311174, 16.82400308, 13.59644703,  9.63032658, 13.25406408,\n",
       "        11.50659873, 10.17884947, 14.34266922,  7.47503616, 14.86455312],\n",
       "       [ 7.86665347, 12.74613641, 11.4406123 , 14.02716804, 10.30418676,\n",
       "        10.99159564,  6.69435003,  7.47503616, 13.70305241,  9.99296041],\n",
       "       [14.4384085 , 39.36198711, 26.31342279, 18.32046915, 23.85547048,\n",
       "        19.61083576, 19.22652434, 14.86455312,  9.99296041, 31.16377142]])"
      ]
     },
     "execution_count": 58,
     "metadata": {},
     "output_type": "execute_result"
    }
   ],
   "source": [
    "cov2"
   ]
  },
  {
   "cell_type": "markdown",
   "metadata": {},
   "source": [
    "## Create a table showing the mean returns and standard deviation of returns for the ten industry portfolios."
   ]
  },
  {
   "cell_type": "code",
   "execution_count": 11,
   "metadata": {},
   "outputs": [],
   "source": [
    "### Creat Standard deviation \n",
    "SD=df.std()"
   ]
  },
  {
   "cell_type": "code",
   "execution_count": 12,
   "metadata": {},
   "outputs": [
    {
     "data": {
      "text/html": [
       "<div>\n",
       "<style scoped>\n",
       "    .dataframe tbody tr th:only-of-type {\n",
       "        vertical-align: middle;\n",
       "    }\n",
       "\n",
       "    .dataframe tbody tr th {\n",
       "        vertical-align: top;\n",
       "    }\n",
       "\n",
       "    .dataframe thead th {\n",
       "        text-align: right;\n",
       "    }\n",
       "</style>\n",
       "<table border=\"1\" class=\"dataframe\">\n",
       "  <thead>\n",
       "    <tr style=\"text-align: right;\">\n",
       "      <th></th>\n",
       "      <th>0</th>\n",
       "      <th>1</th>\n",
       "    </tr>\n",
       "  </thead>\n",
       "  <tbody>\n",
       "    <tr>\n",
       "      <th>NoDur</th>\n",
       "      <td>0.902833</td>\n",
       "      <td>3.345657</td>\n",
       "    </tr>\n",
       "    <tr>\n",
       "      <th>Durbl</th>\n",
       "      <td>0.733333</td>\n",
       "      <td>8.361852</td>\n",
       "    </tr>\n",
       "    <tr>\n",
       "      <th>Manuf</th>\n",
       "      <td>1.012833</td>\n",
       "      <td>5.310270</td>\n",
       "    </tr>\n",
       "    <tr>\n",
       "      <th>Enrgy</th>\n",
       "      <td>1.231167</td>\n",
       "      <td>6.081524</td>\n",
       "    </tr>\n",
       "    <tr>\n",
       "      <th>HiTec</th>\n",
       "      <td>0.766250</td>\n",
       "      <td>5.381191</td>\n",
       "    </tr>\n",
       "    <tr>\n",
       "      <th>Telcm</th>\n",
       "      <td>0.881417</td>\n",
       "      <td>4.448284</td>\n",
       "    </tr>\n",
       "    <tr>\n",
       "      <th>Shops</th>\n",
       "      <td>0.916333</td>\n",
       "      <td>4.093786</td>\n",
       "    </tr>\n",
       "    <tr>\n",
       "      <th>Hlth</th>\n",
       "      <td>0.783833</td>\n",
       "      <td>3.787172</td>\n",
       "    </tr>\n",
       "    <tr>\n",
       "      <th>Utils</th>\n",
       "      <td>0.907167</td>\n",
       "      <td>3.701763</td>\n",
       "    </tr>\n",
       "    <tr>\n",
       "      <th>Other</th>\n",
       "      <td>0.489083</td>\n",
       "      <td>5.582452</td>\n",
       "    </tr>\n",
       "  </tbody>\n",
       "</table>\n",
       "</div>"
      ],
      "text/plain": [
       "              0         1\n",
       "NoDur  0.902833  3.345657\n",
       "Durbl  0.733333  8.361852\n",
       "Manuf  1.012833  5.310270\n",
       "Enrgy  1.231167  6.081524\n",
       "HiTec  0.766250  5.381191\n",
       "Telcm  0.881417  4.448284\n",
       "Shops  0.916333  4.093786\n",
       "Hlth   0.783833  3.787172\n",
       "Utils  0.907167  3.701763\n",
       "Other  0.489083  5.582452"
      ]
     },
     "execution_count": 12,
     "metadata": {},
     "output_type": "execute_result"
    }
   ],
   "source": [
    "table=pd.concat([returns,SD],axis=1)\n",
    "table"
   ]
  },
  {
   "cell_type": "code",
   "execution_count": 13,
   "metadata": {},
   "outputs": [
    {
     "data": {
      "text/plain": [
       "array([3.34565721, 8.36185249, 5.31027024, 6.08152391, 5.38119134,\n",
       "       4.44828365, 4.09378601, 3.78717166, 3.70176342, 5.5824521 ])"
      ]
     },
     "execution_count": 13,
     "metadata": {},
     "output_type": "execute_result"
    }
   ],
   "source": [
    "SD = SD.values\n",
    "SD"
   ]
  },
  {
   "cell_type": "code",
   "execution_count": 14,
   "metadata": {
    "scrolled": true
   },
   "outputs": [
    {
     "data": {
      "text/html": [
       "<div>\n",
       "<style scoped>\n",
       "    .dataframe tbody tr th:only-of-type {\n",
       "        vertical-align: middle;\n",
       "    }\n",
       "\n",
       "    .dataframe tbody tr th {\n",
       "        vertical-align: top;\n",
       "    }\n",
       "\n",
       "    .dataframe thead th {\n",
       "        text-align: right;\n",
       "    }\n",
       "</style>\n",
       "<table border=\"1\" class=\"dataframe\">\n",
       "  <thead>\n",
       "    <tr style=\"text-align: right;\">\n",
       "      <th></th>\n",
       "      <th>mean returns</th>\n",
       "      <th>standard deviation</th>\n",
       "    </tr>\n",
       "  </thead>\n",
       "  <tbody>\n",
       "    <tr>\n",
       "      <th>NoDur</th>\n",
       "      <td>0.902833</td>\n",
       "      <td>3.345657</td>\n",
       "    </tr>\n",
       "    <tr>\n",
       "      <th>Durbl</th>\n",
       "      <td>0.733333</td>\n",
       "      <td>8.361852</td>\n",
       "    </tr>\n",
       "    <tr>\n",
       "      <th>Manuf</th>\n",
       "      <td>1.012833</td>\n",
       "      <td>5.310270</td>\n",
       "    </tr>\n",
       "    <tr>\n",
       "      <th>Enrgy</th>\n",
       "      <td>1.231167</td>\n",
       "      <td>6.081524</td>\n",
       "    </tr>\n",
       "    <tr>\n",
       "      <th>HiTec</th>\n",
       "      <td>0.766250</td>\n",
       "      <td>5.381191</td>\n",
       "    </tr>\n",
       "    <tr>\n",
       "      <th>Telcm</th>\n",
       "      <td>0.881417</td>\n",
       "      <td>4.448284</td>\n",
       "    </tr>\n",
       "    <tr>\n",
       "      <th>Shops</th>\n",
       "      <td>0.916333</td>\n",
       "      <td>4.093786</td>\n",
       "    </tr>\n",
       "    <tr>\n",
       "      <th>Hlth</th>\n",
       "      <td>0.783833</td>\n",
       "      <td>3.787172</td>\n",
       "    </tr>\n",
       "    <tr>\n",
       "      <th>Utils</th>\n",
       "      <td>0.907167</td>\n",
       "      <td>3.701763</td>\n",
       "    </tr>\n",
       "    <tr>\n",
       "      <th>Other</th>\n",
       "      <td>0.489083</td>\n",
       "      <td>5.582452</td>\n",
       "    </tr>\n",
       "  </tbody>\n",
       "</table>\n",
       "</div>"
      ],
      "text/plain": [
       "       mean returns  standard deviation\n",
       "NoDur      0.902833            3.345657\n",
       "Durbl      0.733333            8.361852\n",
       "Manuf      1.012833            5.310270\n",
       "Enrgy      1.231167            6.081524\n",
       "HiTec      0.766250            5.381191\n",
       "Telcm      0.881417            4.448284\n",
       "Shops      0.916333            4.093786\n",
       "Hlth       0.783833            3.787172\n",
       "Utils      0.907167            3.701763\n",
       "Other      0.489083            5.582452"
      ]
     },
     "execution_count": 14,
     "metadata": {},
     "output_type": "execute_result"
    }
   ],
   "source": [
    "table.columns = ['mean returns', 'standard deviation']\n",
    "table"
   ]
  },
  {
   "attachments": {},
   "cell_type": "markdown",
   "metadata": {},
   "source": [
    "#### Calculate the unit vector, alpha, zeta and gamma"
   ]
  },
  {
   "cell_type": "code",
   "execution_count": 60,
   "metadata": {},
   "outputs": [],
   "source": [
    "e=np.ones((10,1))"
   ]
  },
  {
   "cell_type": "markdown",
   "metadata": {},
   "source": [
    "#### Calculate the inverse of cov matrix"
   ]
  },
  {
   "cell_type": "code",
   "execution_count": 61,
   "metadata": {
    "scrolled": true
   },
   "outputs": [
    {
     "data": {
      "text/plain": [
       "(10, 10)"
      ]
     },
     "execution_count": 61,
     "metadata": {},
     "output_type": "execute_result"
    }
   ],
   "source": [
    "inverseV.shape"
   ]
  },
  {
   "cell_type": "code",
   "execution_count": 62,
   "metadata": {},
   "outputs": [],
   "source": [
    "inverseV = np.linalg.inv(cov2)"
   ]
  },
  {
   "cell_type": "code",
   "execution_count": 63,
   "metadata": {},
   "outputs": [],
   "source": [
    "alpha = reduce(np.dot, [R.T,inverseV, e])"
   ]
  },
  {
   "cell_type": "code",
   "execution_count": 64,
   "metadata": {},
   "outputs": [
    {
     "data": {
      "text/plain": [
       "array([[0.13794324]])"
      ]
     },
     "execution_count": 64,
     "metadata": {},
     "output_type": "execute_result"
    }
   ],
   "source": [
    "alpha"
   ]
  },
  {
   "cell_type": "code",
   "execution_count": 65,
   "metadata": {},
   "outputs": [],
   "source": [
    "zeta=reduce(np.dot, [R.T,inverseV, R])"
   ]
  },
  {
   "cell_type": "code",
   "execution_count": 66,
   "metadata": {},
   "outputs": [
    {
     "data": {
      "text/plain": [
       "array([[0.19640858]])"
      ]
     },
     "execution_count": 66,
     "metadata": {},
     "output_type": "execute_result"
    }
   ],
   "source": [
    "zeta"
   ]
  },
  {
   "cell_type": "code",
   "execution_count": 67,
   "metadata": {},
   "outputs": [],
   "source": [
    "delta=reduce(np.dot, [e.T,inverseV, e])"
   ]
  },
  {
   "cell_type": "code",
   "execution_count": 68,
   "metadata": {
    "scrolled": true
   },
   "outputs": [
    {
     "data": {
      "text/plain": [
       "array([[0.1373876]])"
      ]
     },
     "execution_count": 68,
     "metadata": {},
     "output_type": "execute_result"
    }
   ],
   "source": [
    "delta"
   ]
  },
  {
   "cell_type": "markdown",
   "metadata": {},
   "source": [
    "### Function: varaince of R on frontier"
   ]
  },
  {
   "cell_type": "code",
   "execution_count": 69,
   "metadata": {},
   "outputs": [],
   "source": [
    "total_stock=len(df.columns) #n=10"
   ]
  },
  {
   "cell_type": "code",
   "execution_count": 70,
   "metadata": {},
   "outputs": [],
   "source": [
    "min_std=[]"
   ]
  },
  {
   "cell_type": "code",
   "execution_count": 71,
   "metadata": {},
   "outputs": [],
   "source": [
    "limit_var=np.linspace(0.0,2,201)"
   ]
  },
  {
   "cell_type": "code",
   "execution_count": 72,
   "metadata": {},
   "outputs": [],
   "source": [
    "for R0 in limit_var:\n",
    "    variance_of_return= (0.1373876*(R0**2)-(2*R0*0.13794324)+0.19640858)/(0.00795577)\n",
    "    min_std.append(np.sqrt(variance_of_return))"
   ]
  },
  {
   "cell_type": "code",
   "execution_count": 73,
   "metadata": {
    "scrolled": true
   },
   "outputs": [
    {
     "data": {
