{
 "cells": [
  {
   "cell_type": "markdown",
   "metadata": {},
   "source": [
    "## Part 1: Minimum-Tracking-Error Frontier\n",
    "\n",
    "### Let the market return be the target return. Estimate the expected deviation from market return, for the ten industry portfolios:\n",
    "\n",
    "### Ri=E(R̃ i−R̃ m)\n",
    "### Also estimate the covariance matrix of return deviations, for the ten industry portfolios:\n",
    "\n",
    "### Vij=Cov[(R̃ i−R̃ m),(R̃ j−R̃ m)]\n",
    "### Plot the minimum-tracking-error frontier generated by the ten industry portfolios, with expected return deviation on the vertical axis and tracking error on the horizontal axis. The plot should cover the range from 0% to 0.1% on the vertical axis, in increments of 0.005% (or less). \n",
    "\n",
    "### Also plot the line starting from the origin that is tangent to the upper half of the minimum-tracking-error frontier, and calculate the information ratio and portfolio weights for the \"tangency\" portfolio."
   ]
  },
  {
   "cell_type": "code",
   "execution_count": 1,
   "metadata": {},
   "outputs": [],
   "source": [
    "import pandas as pd\n",
    "import numpy as np\n",
    "import matplotlib.pyplot as plt\n",
    "from functools import reduce\n",
    "import seaborn as sns\n",
    "import quandl\n",
    "from scipy.optimize import minimize\n",
    "from pandas import Series\n",
    "from pandas import DataFrame"
   ]
  },
  {
   "cell_type": "code",
   "execution_count": 2,
   "metadata": {},
   "outputs": [],
   "source": [
    "rf = pd.read_csv('Risk_Factors.csv',index_col=0,parse_dates=True)\n",
    "df = pd.read_csv('Industry_Portfolios.csv',index_col=0,parse_dates=True)\n",
    "mk = pd.read_csv('Market_Portfolio.csv',index_col=0,parse_dates=True)"
   ]
  },
  {
   "cell_type": "code",
   "execution_count": 3,
   "metadata": {
    "scrolled": true
   },
   "outputs": [],
   "source": [
    "stock_names = df.columns "
   ]
  },
  {
   "cell_type": "code",
   "execution_count": 4,
   "metadata": {},
   "outputs": [
    {
     "data": {
      "text/html": [
       "<div>\n",
       "<style scoped>\n",
       "    .dataframe tbody tr th:only-of-type {\n",
       "        vertical-align: middle;\n",
       "    }\n",
       "\n",
       "    .dataframe tbody tr th {\n",
       "        vertical-align: top;\n",
       "    }\n",
       "\n",
       "    .dataframe thead th {\n",
       "        text-align: right;\n",
       "    }\n",
       "</style>\n",
       "<table border=\"1\" class=\"dataframe\">\n",
       "  <thead>\n",
       "    <tr style=\"text-align: right;\">\n",
       "      <th></th>\n",
       "      <th>NoDur</th>\n",
       "      <th>Durbl</th>\n",
       "      <th>Manuf</th>\n",
       "      <th>Enrgy</th>\n",
       "      <th>HiTec</th>\n",
       "      <th>Telcm</th>\n",
       "      <th>Shops</th>\n",
       "      <th>Hlth</th>\n",
       "      <th>Utils</th>\n",
       "      <th>Other</th>\n",
       "    </tr>\n",
       "    <tr>\n",
       "      <th>Date</th>\n",
       "      <th></th>\n",
       "      <th></th>\n",
       "      <th></th>\n",
       "      <th></th>\n",
       "      <th></th>\n",
       "      <th></th>\n",
       "      <th></th>\n",
       "      <th></th>\n",
       "      <th></th>\n",
       "      <th></th>\n",
       "    </tr>\n",
       "  </thead>\n",
       "  <tbody>\n",
       "    <tr>\n",
       "      <th>200401</th>\n",
       "      <td>-2.16</td>\n",
       "      <td>-3.29</td>\n",
       "      <td>-2.84</td>\n",
       "      <td>-1.78</td>\n",
       "      <td>2.31</td>\n",
       "      <td>-0.81</td>\n",
       "      <td>-1.77</td>\n",
       "      <td>0.87</td>\n",
       "      <td>-0.30</td>\n",
       "      <td>0.66</td>\n",
       "    </tr>\n",
       "    <tr>\n",
       "      <th>200402</th>\n",
       "      <td>2.79</td>\n",
       "      <td>-1.53</td>\n",
       "      <td>0.49</td>\n",
       "      <td>3.23</td>\n",
       "      <td>-4.38</td>\n",
       "      <td>-1.98</td>\n",
       "      <td>4.63</td>\n",
       "      <td>-0.57</td>\n",
       "      <td>0.61</td>\n",
       "      <td>0.70</td>\n",
       "    </tr>\n",
       "    <tr>\n",
       "      <th>200403</th>\n",
       "      <td>1.14</td>\n",
       "      <td>0.08</td>\n",
       "      <td>0.96</td>\n",
       "      <td>1.10</td>\n",
       "      <td>-1.32</td>\n",
       "      <td>-0.84</td>\n",
       "      <td>1.52</td>\n",
       "      <td>-2.73</td>\n",
       "      <td>2.36</td>\n",
       "      <td>0.60</td>\n",
       "    </tr>\n",
       "    <tr>\n",
       "      <th>200404</th>\n",
       "      <td>3.17</td>\n",
       "      <td>4.05</td>\n",
       "      <td>1.58</td>\n",
       "      <td>4.27</td>\n",
       "      <td>-3.16</td>\n",
       "      <td>1.27</td>\n",
       "      <td>-0.95</td>\n",
       "      <td>5.29</td>\n",
       "      <td>-1.80</td>\n",
       "      <td>-2.01</td>\n",
       "    </tr>\n",
       "    <tr>\n",
       "      <th>200405</th>\n",
       "      <td>-3.12</td>\n",
       "      <td>-2.87</td>\n",
       "      <td>0.38</td>\n",
       "      <td>-0.84</td>\n",
       "      <td>3.62</td>\n",
       "      <td>-4.18</td>\n",
       "      <td>-0.93</td>\n",
       "      <td>-1.65</td>\n",
       "      <td>0.05</td>\n",
       "      <td>0.63</td>\n",
       "    </tr>\n",
       "    <tr>\n",
       "      <th>...</th>\n",
       "      <td>...</td>\n",
       "      <td>...</td>\n",
       "      <td>...</td>\n",
       "      <td>...</td>\n",
       "      <td>...</td>\n",
       "      <td>...</td>\n",
       "      <td>...</td>\n",
       "      <td>...</td>\n",
       "      <td>...</td>\n",
       "      <td>...</td>\n",
       "    </tr>\n",
       "    <tr>\n",
       "      <th>201308</th>\n",
       "      <td>-1.31</td>\n",
       "      <td>1.69</td>\n",
       "      <td>0.74</td>\n",
       "      <td>0.86</td>\n",
       "      <td>2.57</td>\n",
       "      <td>-0.59</td>\n",
       "      <td>-1.52</td>\n",
       "      <td>-0.80</td>\n",
       "      <td>-1.74</td>\n",
       "      <td>-0.97</td>\n",
       "    </tr>\n",
       "    <tr>\n",
       "      <th>201309</th>\n",
       "      <td>-1.82</td>\n",
       "      <td>2.70</td>\n",
       "      <td>1.44</td>\n",
       "      <td>-1.73</td>\n",
       "      <td>0.01</td>\n",
       "      <td>0.57</td>\n",
       "      <td>0.70</td>\n",
       "      <td>0.43</td>\n",
       "      <td>-2.71</td>\n",
       "      <td>0.07</td>\n",
       "    </tr>\n",
       "    <tr>\n",
       "      <th>201310</th>\n",
       "      <td>0.58</td>\n",
       "      <td>-3.45</td>\n",
       "      <td>0.39</td>\n",
       "      <td>0.69</td>\n",
       "      <td>-0.37</td>\n",
       "      <td>1.35</td>\n",
       "      <td>0.91</td>\n",
       "      <td>-0.70</td>\n",
       "      <td>-0.82</td>\n",
       "      <td>-0.30</td>\n",
       "    </tr>\n",
       "    <tr>\n",
       "      <th>201311</th>\n",
       "      <td>-1.83</td>\n",
       "      <td>-1.31</td>\n",
       "      <td>-0.17</td>\n",
       "      <td>-2.27</td>\n",
       "      <td>0.53</td>\n",
       "      <td>-2.85</td>\n",
       "      <td>0.55</td>\n",
       "      <td>1.42</td>\n",
       "      <td>-4.93</td>\n",
       "      <td>1.62</td>\n",
       "    </tr>\n",
       "    <tr>\n",
       "      <th>201312</th>\n",
       "      <td>-0.16</td>\n",
       "      <td>-1.63</td>\n",
       "      <td>0.32</td>\n",
       "      <td>0.14</td>\n",
       "      <td>1.23</td>\n",
       "      <td>1.15</td>\n",
       "      <td>-2.61</td>\n",
       "      <td>-2.10</td>\n",
       "      <td>-1.02</td>\n",
       "      <td>0.30</td>\n",
       "    </tr>\n",
       "  </tbody>\n",
       "</table>\n",
       "<p>120 rows × 10 columns</p>\n",
       "</div>"
      ],
      "text/plain": [
       "        NoDur  Durbl  Manuf  Enrgy  HiTec  Telcm  Shops  Hlth  Utils  Other\n",
       "Date                                                                       \n",
       "200401  -2.16  -3.29  -2.84  -1.78   2.31  -0.81  -1.77  0.87  -0.30   0.66\n",
       "200402   2.79  -1.53   0.49   3.23  -4.38  -1.98   4.63 -0.57   0.61   0.70\n",
       "200403   1.14   0.08   0.96   1.10  -1.32  -0.84   1.52 -2.73   2.36   0.60\n",
       "200404   3.17   4.05   1.58   4.27  -3.16   1.27  -0.95  5.29  -1.80  -2.01\n",
       "200405  -3.12  -2.87   0.38  -0.84   3.62  -4.18  -0.93 -1.65   0.05   0.63\n",
       "...       ...    ...    ...    ...    ...    ...    ...   ...    ...    ...\n",
       "201308  -1.31   1.69   0.74   0.86   2.57  -0.59  -1.52 -0.80  -1.74  -0.97\n",
       "201309  -1.82   2.70   1.44  -1.73   0.01   0.57   0.70  0.43  -2.71   0.07\n",
       "201310   0.58  -3.45   0.39   0.69  -0.37   1.35   0.91 -0.70  -0.82  -0.30\n",
       "201311  -1.83  -1.31  -0.17  -2.27   0.53  -2.85   0.55  1.42  -4.93   1.62\n",
       "201312  -0.16  -1.63   0.32   0.14   1.23   1.15  -2.61 -2.10  -1.02   0.30\n",
       "\n",
       "[120 rows x 10 columns]"
      ]
     },
     "execution_count": 4,
     "metadata": {},
     "output_type": "execute_result"
    }
   ],
   "source": [
    "df  = df.apply(lambda x: x-mk['Market'])\n",
    "df"
   ]
  },
  {
   "cell_type": "code",
   "execution_count": 5,
   "metadata": {},
   "outputs": [],
   "source": [
    "returns=df.mean()"
   ]
  },
  {
   "cell_type": "code",
   "execution_count": 6,
   "metadata": {},
   "outputs": [],
   "source": [
    "R = returns.values"
   ]
  },
  {
   "cell_type": "code",
   "execution_count": 7,
   "metadata": {},
   "outputs": [],
   "source": [
    "R = R.reshape((10, 1))"
   ]
  },
  {
   "cell_type": "code",
   "execution_count": 8,
   "metadata": {},
   "outputs": [
    {
     "data": {
      "text/html": [
       "<div>\n",
       "<style scoped>\n",
       "    .dataframe tbody tr th:only-of-type {\n",
       "        vertical-align: middle;\n",
       "    }\n",
       "\n",
       "    .dataframe tbody tr th {\n",
       "        vertical-align: top;\n",
       "    }\n",
       "\n",
       "    .dataframe thead th {\n",
       "        text-align: right;\n",
       "    }\n",
       "</style>\n",
       "<table border=\"1\" class=\"dataframe\">\n",
       "  <thead>\n",
       "    <tr style=\"text-align: right;\">\n",
       "      <th></th>\n",
       "      <th>Mean</th>\n",
       "    </tr>\n",
       "  </thead>\n",
       "  <tbody>\n",
       "    <tr>\n",
       "      <th>0</th>\n",
       "      <td>0.154750</td>\n",
       "    </tr>\n",
       "    <tr>\n",
       "      <th>1</th>\n",
       "      <td>-0.014750</td>\n",
       "    </tr>\n",
       "    <tr>\n",
       "      <th>2</th>\n",
       "      <td>0.264750</td>\n",
       "    </tr>\n",
       "    <tr>\n",
       "      <th>3</th>\n",
       "      <td>0.483083</td>\n",
       "    </tr>\n",
       "    <tr>\n",
       "      <th>4</th>\n",
       "      <td>0.018167</td>\n",
       "    </tr>\n",
       "    <tr>\n",
       "      <th>5</th>\n",
       "      <td>0.133333</td>\n",
       "    </tr>\n",
       "    <tr>\n",
       "      <th>6</th>\n",
       "      <td>0.168250</td>\n",
       "    </tr>\n",
       "    <tr>\n",
       "      <th>7</th>\n",
       "      <td>0.035750</td>\n",
       "    </tr>\n",
       "    <tr>\n",
       "      <th>8</th>\n",
       "      <td>0.159083</td>\n",
       "    </tr>\n",
       "    <tr>\n",
       "      <th>9</th>\n",
       "      <td>-0.259000</td>\n",
       "    </tr>\n",
       "  </tbody>\n",
       "</table>\n",
       "</div>"
      ],
      "text/plain": [
       "       Mean\n",
       "0  0.154750\n",
       "1 -0.014750\n",
       "2  0.264750\n",
       "3  0.483083\n",
       "4  0.018167\n",
       "5  0.133333\n",
       "6  0.168250\n",
       "7  0.035750\n",
       "8  0.159083\n",
       "9 -0.259000"
      ]
     },
     "execution_count": 8,
     "metadata": {},
     "output_type": "execute_result"
    }
   ],
   "source": [
    "R_table = pd.DataFrame(data = R, columns = ['Mean'])\n",
    "R_table"
   ]
  },
  {
   "cell_type": "code",
   "execution_count": 9,
   "metadata": {},
   "outputs": [],
   "source": [
    "# Calculate the Covariance matrix\n",
    "cov=df.cov()"
   ]
  },
  {
   "cell_type": "code",
   "execution_count": 10,
   "metadata": {},
   "outputs": [
    {
     "data": {
      "text/html": [
       "<div>\n",
       "<style scoped>\n",
       "    .dataframe tbody tr th:only-of-type {\n",
       "        vertical-align: middle;\n",
       "    }\n",
       "\n",
       "    .dataframe tbody tr th {\n",
       "        vertical-align: top;\n",
       "    }\n",
       "\n",
       "    .dataframe thead th {\n",
       "        text-align: right;\n",
       "    }\n",
       "</style>\n",
       "<table border=\"1\" class=\"dataframe\">\n",
       "  <thead>\n",
       "    <tr style=\"text-align: right;\">\n",
       "      <th></th>\n",
       "      <th>NoDur</th>\n",
       "      <th>Durbl</th>\n",
       "      <th>Manuf</th>\n",
       "      <th>Enrgy</th>\n",
       "      <th>HiTec</th>\n",
       "      <th>Telcm</th>\n",
       "      <th>Shops</th>\n",
       "      <th>Hlth</th>\n",
       "      <th>Utils</th>\n",
       "      <th>Other</th>\n",
       "    </tr>\n",
       "  </thead>\n",
       "  <tbody>\n",
       "    <tr>\n",
       "      <th>NoDur</th>\n",
       "      <td>5.439696</td>\n",
       "      <td>-6.073035</td>\n",
       "      <td>-1.396192</td>\n",
       "      <td>-1.200533</td>\n",
       "      <td>-1.883151</td>\n",
       "      <td>1.538885</td>\n",
       "      <td>1.140741</td>\n",
       "      <td>3.815137</td>\n",
       "      <td>4.272002</td>\n",
       "      <td>-1.768738</td>\n",
       "    </tr>\n",
       "    <tr>\n",
       "      <th>Durbl</th>\n",
       "      <td>-6.073035</td>\n",
       "      <td>26.628901</td>\n",
       "      <td>4.908024</td>\n",
       "      <td>-3.481055</td>\n",
       "      <td>1.891577</td>\n",
       "      <td>-1.707625</td>\n",
       "      <td>-0.354335</td>\n",
       "      <td>-8.082946</td>\n",
       "      <td>-9.617490</td>\n",
       "      <td>4.385865</td>\n",
       "    </tr>\n",
       "    <tr>\n",
       "      <th>Manuf</th>\n",
       "      <td>-1.396192</td>\n",
       "      <td>4.908024</td>\n",
       "      <td>2.950499</td>\n",
       "      <td>1.666133</td>\n",
       "      <td>0.065267</td>\n",
       "      <td>-0.626416</td>\n",
       "      <td>-1.154597</td>\n",
       "      <td>-2.288900</td>\n",
       "      <td>-1.901412</td>\n",
       "      <td>0.358904</td>\n",
       "    </tr>\n",
       "    <tr>\n",
       "      <th>Enrgy</th>\n",
       "      <td>-1.200533</td>\n",
       "      <td>-3.481055</td>\n",
       "      <td>1.666133</td>\n",
       "      <td>19.274911</td>\n",
       "      <td>-1.516972</td>\n",
       "      <td>-1.040525</td>\n",
       "      <td>-3.710439</td>\n",
       "      <td>-2.485796</td>\n",
       "      <td>4.454368</td>\n",
       "      <td>-3.864826</td>\n",
       "    </tr>\n",
       "    <tr>\n",
       "      <th>HiTec</th>\n",
       "      <td>-1.883151</td>\n",
       "      <td>1.891577</td>\n",
       "      <td>0.065267</td>\n",
       "      <td>-1.516972</td>\n",
       "      <td>5.098746</td>\n",
       "      <td>-0.773294</td>\n",
       "      <td>-0.245350</td>\n",
       "      <td>-1.936284</td>\n",
       "      <td>-2.342839</td>\n",
       "      <td>-1.404050</td>\n",
       "    </tr>\n",
       "    <tr>\n",
       "      <th>Telcm</th>\n",
       "      <td>1.538885</td>\n",
       "      <td>-1.707625</td>\n",
       "      <td>-0.626416</td>\n",
       "      <td>-1.040525</td>\n",
       "      <td>-0.773294</td>\n",
       "      <td>4.682567</td>\n",
       "      <td>0.463797</td>\n",
       "      <td>0.693157</td>\n",
       "      <td>2.721477</td>\n",
       "      <td>-1.271778</td>\n",
       "    </tr>\n",
       "    <tr>\n",
       "      <th>Shops</th>\n",
       "      <td>1.140741</td>\n",
       "      <td>-0.354335</td>\n",
       "      <td>-1.154597</td>\n",
       "      <td>-3.710439</td>\n",
       "      <td>-0.245350</td>\n",
       "      <td>0.463797</td>\n",
       "      <td>4.452628</td>\n",
       "      <td>0.764510</td>\n",
       "      <td>-0.176666</td>\n",
       "      <td>-0.256987</td>\n",
       "    </tr>\n",
       "    <tr>\n",
       "      <th>Hlth</th>\n",
       "      <td>3.815137</td>\n",
       "      <td>-8.082946</td>\n",
       "      <td>-2.288900</td>\n",
       "      <td>-2.485796</td>\n",
       "      <td>-1.936284</td>\n",
       "      <td>0.693157</td>\n",
       "      <td>0.764510</td>\n",
       "      <td>7.820446</td>\n",
       "      <td>3.496136</td>\n",
       "      <td>-1.726842</td>\n",
       "    </tr>\n",
       "    <tr>\n",
       "      <th>Utils</th>\n",
       "      <td>4.272002</td>\n",
       "      <td>-9.617490</td>\n",
       "      <td>-1.901412</td>\n",
       "      <td>4.454368</td>\n",
       "      <td>-2.342839</td>\n",
       "      <td>2.721477</td>\n",
       "      <td>-0.176666</td>\n",
       "      <td>3.496136</td>\n",
       "      <td>12.267476</td>\n",
       "      <td>-4.055112</td>\n",
       "    </tr>\n",
       "    <tr>\n",
       "      <th>Other</th>\n",
       "      <td>-1.768738</td>\n",
       "      <td>4.385865</td>\n",
       "      <td>0.358904</td>\n",
       "      <td>-3.864826</td>\n",
       "      <td>-1.404050</td>\n",
       "      <td>-1.271778</td>\n",
       "      <td>-0.256987</td>\n",
       "      <td>-1.726842</td>\n",
       "      <td>-4.055112</td>\n",
       "      <td>4.503204</td>\n",
       "    </tr>\n",
       "  </tbody>\n",
       "</table>\n",
       "</div>"
      ],
      "text/plain": [
       "          NoDur      Durbl     Manuf      Enrgy     HiTec     Telcm     Shops  \\\n",
       "NoDur  5.439696  -6.073035 -1.396192  -1.200533 -1.883151  1.538885  1.140741   \n",
       "Durbl -6.073035  26.628901  4.908024  -3.481055  1.891577 -1.707625 -0.354335   \n",
       "Manuf -1.396192   4.908024  2.950499   1.666133  0.065267 -0.626416 -1.154597   \n",
       "Enrgy -1.200533  -3.481055  1.666133  19.274911 -1.516972 -1.040525 -3.710439   \n",
       "HiTec -1.883151   1.891577  0.065267  -1.516972  5.098746 -0.773294 -0.245350   \n",
       "Telcm  1.538885  -1.707625 -0.626416  -1.040525 -0.773294  4.682567  0.463797   \n",
       "Shops  1.140741  -0.354335 -1.154597  -3.710439 -0.245350  0.463797  4.452628   \n",
       "Hlth   3.815137  -8.082946 -2.288900  -2.485796 -1.936284  0.693157  0.764510   \n",
       "Utils  4.272002  -9.617490 -1.901412   4.454368 -2.342839  2.721477 -0.176666   \n",
       "Other -1.768738   4.385865  0.358904  -3.864826 -1.404050 -1.271778 -0.256987   \n",
       "\n",
       "           Hlth      Utils     Other  \n",
       "NoDur  3.815137   4.272002 -1.768738  \n",
       "Durbl -8.082946  -9.617490  4.385865  \n",
       "Manuf -2.288900  -1.901412  0.358904  \n",
       "Enrgy -2.485796   4.454368 -3.864826  \n",
       "HiTec -1.936284  -2.342839 -1.404050  \n",
       "Telcm  0.693157   2.721477 -1.271778  \n",
       "Shops  0.764510  -0.176666 -0.256987  \n",
       "Hlth   7.820446   3.496136 -1.726842  \n",
       "Utils  3.496136  12.267476 -4.055112  \n",
       "Other -1.726842  -4.055112  4.503204  "
      ]
     },
     "execution_count": 10,
     "metadata": {},
     "output_type": "execute_result"
    }
   ],
   "source": [
    "cov"
   ]
  },
  {
   "cell_type": "code",
   "execution_count": 11,
   "metadata": {},
   "outputs": [],
   "source": [
    "cov2 = df.cov().values"
   ]
  },
  {
   "cell_type": "code",
   "execution_count": 12,
   "metadata": {
    "scrolled": true
   },
   "outputs": [
    {
     "data": {
      "text/plain": [
       "array([[ 5.43969574, -6.07303523, -1.39619166, -1.20053326, -1.88315088,\n",
       "         1.53888487,  1.14074116,  3.81513716,  4.27200187, -1.7687384 ],\n",
       "       [-6.07303523, 26.62890078,  4.90802359, -3.48105498,  1.89157693,\n",
       "        -1.70762521, -0.35433527, -8.08294641, -9.61749011,  4.38586529],\n",
       "       [-1.39619166,  4.90802359,  2.9504991 ,  1.66613313,  0.06526676,\n",
       "        -0.62641597, -1.15459666, -2.28889981, -1.90141158,  0.35890361],\n",
       "       [-1.20053326, -3.48105498,  1.66613313, 19.27491058, -1.51697245,\n",
       "        -1.04052465, -3.7104391 , -2.48579603,  4.4543684 , -3.8648258 ],\n",
       "       [-1.88315088,  1.89157693,  0.06526676, -1.51697245,  5.09874619,\n",
       "        -0.77329384, -0.24535029, -1.93628433, -2.34283867, -1.40405025],\n",
       "       [ 1.53888487, -1.70762521, -0.62641597, -1.04052465, -0.77329384,\n",
       "         4.68256695,  0.46379748,  0.69315714,  2.72147703, -1.27177815],\n",
       "       [ 1.14074116, -0.35433527, -1.15459666, -3.7104391 , -0.24535029,\n",
       "         0.46379748,  4.452628  ,  0.76451015, -0.17666632, -0.25698731],\n",
       "       [ 3.81513716, -8.08294641, -2.28889981, -2.48579603, -1.93628433,\n",
       "         0.69315714,  0.76451015,  7.82044649,  3.49613641, -1.72684193],\n",
       "       [ 4.27200187, -9.61749011, -1.90141158,  4.4543684 , -2.34283867,\n",
       "         2.72147703, -0.17666632,  3.49613641, 12.26747562, -4.05511168],\n",
       "       [-1.7687384 ,  4.38586529,  0.35890361, -3.8648258 , -1.40405025,\n",
       "        -1.27177815, -0.25698731, -1.72684193, -4.05511168,  4.50320403]])"
      ]
     },
     "execution_count": 12,
     "metadata": {},
     "output_type": "execute_result"
    }
   ],
   "source": [
    "cov2"
   ]
  },
  {
   "cell_type": "markdown",
   "metadata": {},
   "source": [
    "#### Create a table showing the mean returns and standard deviation of returns for the ten industry portfolios."
   ]
  },
  {
   "cell_type": "code",
   "execution_count": 13,
   "metadata": {},
   "outputs": [],
   "source": [
    "### Creat Standard deviation \n",
    "SD=df.std()"
   ]
  },
  {
   "cell_type": "code",
   "execution_count": 14,
   "metadata": {},
   "outputs": [
    {
     "data": {
      "text/html": [
       "<div>\n",
       "<style scoped>\n",
       "    .dataframe tbody tr th:only-of-type {\n",
       "        vertical-align: middle;\n",
       "    }\n",
       "\n",
       "    .dataframe tbody tr th {\n",
       "        vertical-align: top;\n",
       "    }\n",
       "\n",
       "    .dataframe thead th {\n",
       "        text-align: right;\n",
       "    }\n",
       "</style>\n",
       "<table border=\"1\" class=\"dataframe\">\n",
       "  <thead>\n",
       "    <tr style=\"text-align: right;\">\n",
       "      <th></th>\n",
       "      <th>0</th>\n",
       "      <th>1</th>\n",
       "    </tr>\n",
       "  </thead>\n",
       "  <tbody>\n",
       "    <tr>\n",
       "      <th>NoDur</th>\n",
       "      <td>0.154750</td>\n",
       "      <td>2.332316</td>\n",
       "    </tr>\n",
       "    <tr>\n",
       "      <th>Durbl</th>\n",
       "      <td>-0.014750</td>\n",
       "      <td>5.160320</td>\n",
       "    </tr>\n",
       "    <tr>\n",
       "      <th>Manuf</th>\n",
       "      <td>0.264750</td>\n",
       "      <td>1.717702</td>\n",
       "    </tr>\n",
       "    <tr>\n",
       "      <th>Enrgy</th>\n",
       "      <td>0.483083</td>\n",
       "      <td>4.390320</td>\n",
       "    </tr>\n",
       "    <tr>\n",
       "      <th>HiTec</th>\n",
       "      <td>0.018167</td>\n",
       "      <td>2.258040</td>\n",
       "    </tr>\n",
       "    <tr>\n",
       "      <th>Telcm</th>\n",
       "      <td>0.133333</td>\n",
       "      <td>2.163924</td>\n",
       "    </tr>\n",
       "    <tr>\n",
       "      <th>Shops</th>\n",
       "      <td>0.168250</td>\n",
       "      <td>2.110125</td>\n",
       "    </tr>\n",
       "    <tr>\n",
       "      <th>Hlth</th>\n",
       "      <td>0.035750</td>\n",
       "      <td>2.796506</td>\n",
       "    </tr>\n",
       "    <tr>\n",
       "      <th>Utils</th>\n",
       "      <td>0.159083</td>\n",
       "      <td>3.502496</td>\n",
       "    </tr>\n",
       "    <tr>\n",
       "      <th>Other</th>\n",
       "      <td>-0.259000</td>\n",
       "      <td>2.122075</td>\n",
       "    </tr>\n",
       "  </tbody>\n",
       "</table>\n",
       "</div>"
      ],
      "text/plain": [
       "              0         1\n",
       "NoDur  0.154750  2.332316\n",
       "Durbl -0.014750  5.160320\n",
       "Manuf  0.264750  1.717702\n",
       "Enrgy  0.483083  4.390320\n",
       "HiTec  0.018167  2.258040\n",
       "Telcm  0.133333  2.163924\n",
       "Shops  0.168250  2.110125\n",
       "Hlth   0.035750  2.796506\n",
       "Utils  0.159083  3.502496\n",
       "Other -0.259000  2.122075"
      ]
     },
     "execution_count": 14,
     "metadata": {},
     "output_type": "execute_result"
    }
   ],
   "source": [
    "table=pd.concat([returns,SD],axis=1)\n",
    "table"
   ]
  },
  {
   "cell_type": "code",
   "execution_count": 15,
   "metadata": {},
   "outputs": [
    {
     "data": {
      "text/plain": [
       "array([2.33231553, 5.16031983, 1.71770169, 4.3903201 , 2.25804034,\n",
       "       2.16392397, 2.11012512, 2.79650612, 3.50249563, 2.12207541])"
      ]
     },
     "execution_count": 15,
     "metadata": {},
     "output_type": "execute_result"
    }
   ],
   "source": [
    "SD = SD.values\n",
    "SD"
   ]
  },
  {
   "cell_type": "code",
   "execution_count": 16,
   "metadata": {},
   "outputs": [
    {
     "data": {
      "text/html": [
       "<div>\n",
       "<style scoped>\n",
       "    .dataframe tbody tr th:only-of-type {\n",
       "        vertical-align: middle;\n",
       "    }\n",
       "\n",
       "    .dataframe tbody tr th {\n",
       "        vertical-align: top;\n",
       "    }\n",
       "\n",
       "    .dataframe thead th {\n",
       "        text-align: right;\n",
       "    }\n",
       "</style>\n",
       "<table border=\"1\" class=\"dataframe\">\n",
       "  <thead>\n",
       "    <tr style=\"text-align: right;\">\n",
       "      <th></th>\n",
       "      <th>mean returns</th>\n",
       "      <th>standard deviation</th>\n",
       "    </tr>\n",
       "  </thead>\n",
       "  <tbody>\n",
       "    <tr>\n",
       "      <th>NoDur</th>\n",
       "      <td>0.154750</td>\n",
       "      <td>2.332316</td>\n",
       "    </tr>\n",
       "    <tr>\n",
       "      <th>Durbl</th>\n",
       "      <td>-0.014750</td>\n",
       "      <td>5.160320</td>\n",
       "    </tr>\n",
       "    <tr>\n",
       "      <th>Manuf</th>\n",
       "      <td>0.264750</td>\n",
       "      <td>1.717702</td>\n",
       "    </tr>\n",
       "    <tr>\n",
       "      <th>Enrgy</th>\n",
       "      <td>0.483083</td>\n",
       "      <td>4.390320</td>\n",
       "    </tr>\n",
       "    <tr>\n",
       "      <th>HiTec</th>\n",
       "      <td>0.018167</td>\n",
       "      <td>2.258040</td>\n",
       "    </tr>\n",
       "    <tr>\n",
       "      <th>Telcm</th>\n",
       "      <td>0.133333</td>\n",
       "      <td>2.163924</td>\n",
       "    </tr>\n",
       "    <tr>\n",
       "      <th>Shops</th>\n",
       "      <td>0.168250</td>\n",
       "      <td>2.110125</td>\n",
       "    </tr>\n",
       "    <tr>\n",
       "      <th>Hlth</th>\n",
       "      <td>0.035750</td>\n",
       "      <td>2.796506</td>\n",
       "    </tr>\n",
       "    <tr>\n",
       "      <th>Utils</th>\n",
       "      <td>0.159083</td>\n",
       "      <td>3.502496</td>\n",
       "    </tr>\n",
       "    <tr>\n",
       "      <th>Other</th>\n",
       "      <td>-0.259000</td>\n",
       "      <td>2.122075</td>\n",
       "    </tr>\n",
       "  </tbody>\n",
       "</table>\n",
       "</div>"
      ],
      "text/plain": [
       "       mean returns  standard deviation\n",
       "NoDur      0.154750            2.332316\n",
       "Durbl     -0.014750            5.160320\n",
       "Manuf      0.264750            1.717702\n",
       "Enrgy      0.483083            4.390320\n",
       "HiTec      0.018167            2.258040\n",
       "Telcm      0.133333            2.163924\n",
       "Shops      0.168250            2.110125\n",
       "Hlth       0.035750            2.796506\n",
       "Utils      0.159083            3.502496\n",
       "Other     -0.259000            2.122075"
      ]
     },
     "execution_count": 16,
     "metadata": {},
     "output_type": "execute_result"
    }
   ],
   "source": [
    "table.columns = ['mean returns', 'standard deviation']\n",
    "table"
   ]
  },
  {
   "cell_type": "markdown",
   "metadata": {},
   "source": [
    "#### Calculate the unit vector, alpha, zeta and gamma"
   ]
  },
  {
   "cell_type": "code",
   "execution_count": 17,
   "metadata": {},
   "outputs": [],
   "source": [
    "e=np.ones((10,1))"
   ]
  },
  {
   "cell_type": "markdown",
   "metadata": {},
   "source": [
    "#### Calculate the inverse of cov matrix"
   ]
  },
  {
   "cell_type": "code",
   "execution_count": 18,
   "metadata": {},
   "outputs": [
    {
     "data": {
      "text/plain": [
       "(10, 10)"
      ]
     },
     "execution_count": 18,
     "metadata": {},
     "output_type": "execute_result"
    }
   ],
   "source": [
    "inverseV = np.linalg.inv(cov2)\n",
    "inverseV.shape\n"
   ]
  },
  {
   "cell_type": "code",
   "execution_count": 19,
   "metadata": {},
   "outputs": [],
   "source": [
    "alpha = reduce(np.dot, [R.T,inverseV, e])[0][0]\n",
    "zeta=reduce(np.dot, [R.T,inverseV, R])[0][0]\n",
    "delta=reduce(np.dot, [e.T,inverseV, e])[0][0]"
   ]
  },
  {
   "cell_type": "code",
   "execution_count": 20,
   "metadata": {},
   "outputs": [
    {
     "data": {
      "text/plain": [
       "2.932127882630612"
      ]
     },
     "execution_count": 20,
     "metadata": {},
     "output_type": "execute_result"
    }
   ],
   "source": [
    "alpha "
   ]
  },
  {
   "cell_type": "markdown",
   "metadata": {},
   "source": [
    "### Function: varaince of R on frontier"
   ]
  },
  {
   "cell_type": "code",
   "execution_count": 21,
   "metadata": {},
   "outputs": [],
   "source": [
    "total_stock=len(df.columns) #n=10\n",
    "min_std=[]\n",
    "limit_var=np.linspace(0.0,0.1,200)"
   ]
  },
  {
   "cell_type": "code",
   "execution_count": 22,
   "metadata": {},
   "outputs": [
    {
     "name": "stdout",
     "output_type": "stream",
     "text": [
      "58.55025437639891\n"
     ]
    }
   ],
   "source": [
    "print(delta)"
   ]
  },
  {
   "cell_type": "code",
   "execution_count": 23,
   "metadata": {},
   "outputs": [],
   "source": [
    "for R0 in limit_var:\n",
    "    variance_of_return= (delta*(R0**2)-(2*R0*alpha)+zeta)/(zeta*delta-alpha*alpha)\n",
    "    min_std.append(np.sqrt(variance_of_return))"
   ]
  },
  {
   "cell_type": "code",
   "execution_count": 24,
   "metadata": {},
   "outputs": [
    {
     "data": {
